7
60
59 "Itapevi" "450894.0"
58 "Caçapava" "452550.4"
57 "Itapetininga" "453247.4"
56 "Atibaia" "463026.6"
55 "Valinhos" "468968.6"
54 "Araras" "469492.8"
53 "Embu das Artes" "470118.4"
52 "Votorantim" "496932.0"
51 "São Vicente" "501831.2"
50 "Santana de Parnaíba" "510874.2"
49 "Itaquaquecetuba" "522145.2"
48 "Araçatuba" "526303.4"
47 "Taboão da Serra" "528311.6"
46 "Bragança Paulista" "543734.0"
45 "Botucatu" "547613.2"
44 "Marília" "549537.0"
43 "Hortolândia" "562751.0"
42 "Presidente Prudente" "580411.0"
41 "Carapicuíba" "600371.8"
40 "Praia Grande" "609436.8"
39 "Salto" "622485.2"
38 "Itu" "624991.2"
37 "Santa Bárbara d'Oeste" "655508.8"
36 "Cotia" "696393.2"
35 "Franca" "702290.4"
34 "Araraquara" "706448.2"
33 "Mogi Guaçu" "725561.8"
32 "Guarujá" "734146.8"
31 "São Caetano do Sul" "778431.2"
30 "Taubaté" "845727.4"
29 "Indaiatuba" "855197.4"
28 "São Carlos" "877022.0"
27 "Bauru" "928487.6"
26 "Rio Claro" "942279.8"
25 "Sumaré" "947512.2"
24 "Diadema" "1076464.6"
23 "Paulínia" "1115904.6"
22 "Jacareí" "1116795.2"
21 "Americana" "1136006.8"
20 "São José do Rio Preto" "1171748.8"
19 "Pindamonhangaba" "1273719.0"
18 "Mauá" "1288891.6"
17 "Mogi das Cruzes" "1306270.8"
16 "Barueri" "1347646.6"
15 "Suzano" "1373399.0"
14 "Limeira" "1390313.2"
13 "Santos" "1395666.6"
12 "Osasco" "1469356.8"
11 "São José dos Campos" "1861322.8"
10 "Ribeirão Preto" "1872152.2"
9 "Jundiaí" "2050594.4"
8 "Sorocaba" "2059723.0"
7 "Piracicaba" "2094085.6"
6 "Cubatão" "2543664.0"
5 "São Bernardo do Campo" "2653384.4"
4 "Santo André" "2800868.0"
3 "Guarulhos" "3225394.0"
2 "Campinas" "3279167.0"
1 "Alumínio" "4030898.6"
0 "São Paulo" "27591419.8"
150
59 58 1656.4000000000233
59 57 2353.4000000000233
59 56 12132.599999999977
59 55 18074.599999999977
59 54 18598.79999999999
58 57 697.0
58 56 10476.199999999953
58 55 16418.199999999953
58 54 16942.399999999965
58 53 17568.0
57 56 9779.199999999953
57 55 15721.199999999953
57 54 16245.399999999965
57 53 16871.0
57 52 43684.59999999998
56 55 5942.0
56 54 6466.200000000012
56 53 7091.800000000047
56 52 33905.40000000002
56 51 38804.600000000035
55 54 524.2000000000116
55 53 1149.8000000000466
55 52 27963.400000000023
55 51 32862.600000000035
55 50 41905.600000000035
54 53 625.6000000000349
54 52 27439.20000000001
54 51 32338.400000000023
54 50 41381.40000000002
54 49 52652.40000000002
53 52 26813.599999999977
53 51 31712.79999999999
53 50 40755.79999999999
53 49 52026.79999999999
53 48 56185.0
52 51 4899.200000000012
52 50 13942.200000000012
52 49 25213.20000000001
52 48 29371.400000000023
52 47 31379.599999999977
51 50 9043.0
51 49 20314.0
51 48 24472.20000000001
51 47 26480.399999999965
51 46 41902.79999999999
50 49 11271.0
50 48 15429.200000000012
50 47 17437.399999999965
50 46 32859.79999999999
50 45 36738.99999999994
49 48 4158.200000000012
49 47 6166.399999999965
49 46 21588.79999999999
49 45 25467.99999999994
49 44 27391.79999999999
48 47 2008.1999999999534
48 46 17430.599999999977
48 45 21309.79999999993
48 44 23233.599999999977
48 43 36447.59999999998
47 46 15422.400000000023
47 45 19301.599999999977
47 44 21225.400000000023
47 43 34439.40000000002
47 42 52099.40000000002
46 45 3879.1999999999534
46 44 5803.0
46 43 19017.0
46 42 36677.0
46 41 56637.80000000005
45 44 1923.8000000000466
45 43 15137.800000000047
45 42 32797.80000000005
45 41 52758.60000000009
45 40 61823.60000000009
44 43 13214.0
44 42 30874.0
44 41 50834.80000000005
44 40 59899.80000000005
44 39 72948.19999999995
43 42 17660.0
43 41 37620.80000000005
43 40 46685.80000000005
43 39 59734.19999999995
43 38 62240.19999999995
42 41 19960.800000000047
42 40 29025.800000000047
42 39 42074.19999999995
42 38 44580.19999999995
42 37 75097.80000000005
41 40 9065.0
41 39 22113.399999999907
41 38 24619.399999999907
41 37 55137.0
41 36 96021.3999999999
40 39 13048.399999999907
40 38 15554.399999999907
40 37 46072.0
40 36 86956.3999999999
40 35 92853.59999999998
39 38 2506.0
39 37 33023.60000000009
39 36 73908.0
39 35 79805.20000000007
39 34 83963.0
38 37 30517.600000000093
38 36 71402.0
38 35 77299.20000000007
38 34 81457.0
38 33 100570.6000000001
37 36 40884.39999999991
37 35 46781.59999999998
37 34 50939.39999999991
37 33 70053.0
37 32 78638.0
36 35 5897.20000000007
36 34 10055.0
36 33 29168.600000000093
36 32 37753.60000000009
36 31 82038.0
35 34 4157.79999999993
35 33 23271.400000000023
35 32 31856.400000000023
35 31 76140.79999999993
35 30 143437.0
34 33 19113.600000000093
34 32 27698.600000000093
34 31 71983.0
34 30 139279.20000000007
34 29 148749.20000000007
33 32 8585.0
33 31 52869.39999999991
33 30 120165.59999999998
33 29 129635.59999999998
33 28 151460.19999999995
32 31 44284.39999999991
32 30 111580.59999999998
32 29 121050.59999999998
32 28 142875.19999999995
32 27 194340.79999999993
31 30 67296.20000000007
31 29 76766.20000000007
31 28 98590.80000000005
31 27 150056.40000000002
31 26 163848.6000000001
30 29 9470.0
30 28 31294.599999999977
30 27 82760.19999999995
30 26 96552.40000000002
30 25 101784.79999999993
